3007	12	0
1000
775
828
829
830
831
991
998
984
992
993
995
996
1001
1002
1003
1007
999
1008
774
997
776
832
1004
1005
1006
1010
994
1009
100
224
25
487
101
102
103
238
38
357
45
493
26
27
28
29
1011
1013
1014
1015
1016
1217
1017
2884
2131
920
2132
1018
1019
985
1340
2275
503
504
147
148
476
39
486
79
83
84
85
104
1021
1022
1023
1338
1025
1024
1444
1231
1232
1234
1236
1239
1241
1242
1237
1337
1344
1345
2283
2284
1346
2280
2281
988
1026
2072
2073
1027
605
1028
1614
2770
2771
456
653
1682
418
511
652
1683
1029
1213
2665
2666
353
428
44
162
1684
557
558
559
2654
411
412
413
414
502
86
463
500
57
1030
1031
1034
1035
470
1039
1040
1041
1042
1043
1038
256
257
258
259
420
425
426
552
1064
2706
2707
2708
2711
2712
471
1037
255
421
422
423
424
1044
441
1032
1033
1036
1047
1048
1050
494
1051
1045
1046
1049
163
229
466
12
165
1663
2671
2677
41
233
234
236
237
2693
2842
2848
2964
66
1052
1053
1054
469
1055
971
1056
1057
1097
436
437
438
1058
1059
2526
2527
2528
2529
2740
2742
2743
121
472
123
446
447
448
608
1060
1062
1672
610
1061
609
1063
442
444
232
230
1065
473
1066
1067
1068
247
1069
1070
1072
106
113
114
320
801
35
109
2967
31
32
34
107
67
1071
1076
1077
1081
1075
1086
1088
1085
1073
1079
1087
1089
1074
1148
1150
1152
1153
1140
1141
1679
1680
655
1078
1080
1090
36
1082
1083
1084
108
110
1093
1091
1095
1092
1094
1096
1098
1101
95
97
98
309
468
875
475
874
1099
1106
1107
1108
1109
1104
1103
2979
2961
10
11
4
5
6
7
8
9
129
24
1737
2
118
122
13
15
16
18
21
310
313
72
73
74
77
78
99
1100
1102
1121
600
1110
1114
1697
1699
1115
1116
1117
1118
1105
1112
1113
1111
139
205
2973
2975
2901
2903
1698
1120
1119
1183
1184
1185
691
1197
1195
1196
1198
1199
1200
1201
690
111
981
1123
1124
1133
1134
1135
1128
1129
599
2738
451
601
1127
1125
1126
1130
1131
112
2969
1132
1136
1137
1138
1139
637
1143
1149
1142
1151
495
1146
1144
1181
688
1145
1182
1180
1179
1154
1155
1156
1157
1158
638
625
626
1194
1159
646
1193
115
240
242
59
60
58
1160
1161
1162
1163
1164
1165
1167
1168
1170
1171
568
1177
1178
343
761
570
571
572
1169
321
1605
553
1166
116
1712
241
65
1173
1174
1175
772
2124
2125
341
2126
770
771
117
689
1186
1187
1188
1189
1190
1191
1192
312
1439
1440
1441
1438
1202
119
14
17
311
75
76
96
1
1442
1204
1208
1209
659
1205
1210
660
1206
661
1687
1688
1207
1211
1212
120
658
416
515
1214
2651
2652
1215
740
198
1216
23
656
1218
1223
1226
1227
1228
1219
2272
1225
1220
1501
2155
449
3
124
2540
2074
2075
1353
2501
2502
2503
2537
1221
1502
1222
1238
1332
1224
1595
1596
1597
1600
1229
1256
1257
1258
1230
1265
1266
1267
1269
1271
1272
1273
1274
1275
1276
1743
2464
286
125
1706
445
1233
1235
1240
1411
1410
1329
1330
1331
1348
1437
1603
2065
2071
1412
2294
1415
1418
1328
1416
1443
1594
1343
1243
1499
1500
1244
1246
1245
2874
2876
2877
2878
1247
835
725
1248
2522
1429
2439
2616
1249
597
457
1250
1251
1815
1252
1470
2867
2868
1469
1466
1475
1476
1484
1253
1829
1254
1255
1414
1352
1334
1336
1333
1465
1350
1351
1264
1268
2465
127
1259
1263
1270
1451
105
952
1260
2546
1261
1283
1284
1285
1286
1288
1289
1290
1278
1279
1280
1262
1368
1369
1370
1281
1282
1496
1497
2234
1746
1749
1287
1589
126
2151
1590
1591
1592
1277
2485
1903
1744
1504
1505
2486
1367
1373
1374
1375
1376
1378
1379
1364
1366
1147
1585
1495
1587
1291
1292
781
1293
565
1294
1296
1299
1300
1295
2689
42
654
1298
1297
1691
1692
2691
2692
287
288
153
154
156
1568
1665
1666
1667
2673
2697
405
465
467
598
606
71
225
226
227
254
604
1419
1301
1303
1304
1306
1302
1305
1309
1308
1307
1311
1324
1325
1310
1312
1313
130
333
335
336
337
338
339
340
132
133
202
204
209
212
213
216
217
131
324
325
326
327
329
330
323
1617
2146
290
1316
2658
2659
1314
1326
1315
1318
1317
1319
1320
2147
2148
141
203
210
215
218
1321
1322
1323
2662
1327
2063
2064
1335
2079
989
214
134
144
249
1342
990
1488
1489
2088
2089
2083
2085
2086
2087
2084
2090
2081
1490
2062
2296
1339
987
334
135
136
221
222
262
986
1341
2423
1420
1421
2417
2913
739
896
2517
2917
951
2285
2277
2278
1347
2060
2061
1349
300
301
298
2174
1446
773
1354
155
1355
152
1409
149
151
40
492
94
1356
2927
1357
1358
1359
150
491
264
278
279
280
272
271
1360
37
1361
1362
588
157
158
159
1377
1866
1867
1372
1507
1747
1873
1365
1878
1879
532
1880
1887
1582
1882
1886
1584
266
873
876
1371
2224
2957
1395
1868
1510
1869
1509
1508
1558
137
305
306
30
304
1380
1383
1384
1385
1386
1391
1381
1529
1382
1387
1388
1389
1390
1853
1851
1393
1397
1518
1860
1861
1394
1519
1517
138
2614
1696
2974
2976
1556
1396
1392
1511
1512
1547
1766
1513
1514
1515
1516
1858
1404
1405
1859
1608
1399
1400
1401
1402
1403
1398
140
206
2448
450
1524
1523
1406
1407
164
1408
2747
2748
2768
2769
2736
2058
1413
2291
143
220
529
590
1422
2424
2507
2426
1423
2504
894
1424
2506
897
1700
1701
1702
1703
1425
2509
2510
1426
1427
1428
2334
868
839
2107
2106
2104
2523
1816
2440
2441
142
1430
1431
1433
1432
1480
1435
1434
2101
1436
2396
2398
2102
2109
2112
2437
2299
1445
2279
1447
2871
2872
2873
1449
1450
1831
1455
2869
2870
1454
1452
1752
1453
1841
1457
1458
1460
1821
1464
1456
1459
1462
1463
1461
1486
145
173
174
176
177
180
181
51
146
186
182
183
1825
1820
1487
1472
1467
1826
1471
1468
1634
2864
1827
1632
834
1828
207
208
175
178
1483
2865
1473
1474
1492
1477
1491
1478
1479
2629
2630
2631
483
61
478
477
1481
1482
2866
1485
479
1493
1494
1895
1740
2484
1498
160
347
33
1898
1901
1902
1506
1874
1876
1872
2474
2225
2239
1765
2241
2228
1522
1864
1520
1748
1521
1871
1525
1526
1532
1527
1528
1554
1555
1553
1530
1531
1552
1768
1534
1767
1533
1548
1784
1543
1754
1755
1756
1758
1759
1760
1761
1762
1788
1779
1780
1535
1540
1536
1537
1538
1539
1774
1927
1928
1560
1561
1562
1565
166
46
47
48
49
1541
1542
1753
1757
1544
1545
1764
1546
1550
1551
1549
1776
1777
1775
50
1563
1566
1567
2675
1990
1557
2467
1559
2674
1564
2669
2670
2672
1569
1570
1571
1572
1573
1576
1579
1580
1574
1575
1577
1578
2682
1884
1888
2233
1586
1893
1588
1593
1601
2269
1598
2268
2925
528
895
1602
2070
1604
1606
1607
803
1609
1610
1611
161
1612
2444
2446
2729
603
1613
458
1615
1616
2435
2436
1642
1650
1657
1658
1659
1660
1637
1638
1639
1640
1618
346
1619
1643
1620
344
1621
2854
2850
1622
2855
1624
2856
2857
2858
692
1626
1623
1625
1631
694
697
700
701
702
703
705
1627
2861
2862
726
1630
1628
1629
738
728
729
731
732
733
2274
2549
562
563
43
410
510
556
1681
2860
737
1633
1635
1636
1653
328
764
2853
231
228
331
1641
1655
1656
299
1644
1645
1646
1648
1649
1654
1652
1647
2681
354
2685
2686
1661
1662
1738
1664
2701
1669
1671
1670
2700
2702
2699
167
1674
1676
1675
607
1673
2704
1677
1678
1689
1690
560
561
1685
1686
657
168
826
169
170
822
2656
1693
1694
322
245
2902
2449
2930
2932
811
898
1704
2611
417
1705
2511
2153
1708
282
820
821
1710
285
1711
289
1713
384
385
1714
367
1716
1717
1718
1721
1719
1720
1723
171
172
1724
1725
1727
1726
1728
789
1729
398
1730
1731
1733
239
366
1734
396
1735
1736
2909
1739
2481
2482
1963
52
179
1894
1741
1742
2451
1891
2491
2493
2466
1745
1751
1750
1769
1962
53
1770
1772
1773
1763
193
1771
1778
1782
1781
1794
1795
1786
1787
1785
1783
1982
1985
1986
1987
1792
1796
1789
1799
1800
1803
1804
1805
1806
1807
1808
1810
1793
1802
1969
1965
1983
1984
1797
1798
195
1801
1809
1811
1812
1813
1814
2438
1817
2524
1818
1448
1819
197
1823
2863
189
185
1830
1832
1833
1842
1836
1834
1835
2230
1837
2231
1838
1839
364
1840
1843
1844
1845
1846
1849
1847
1848
184
1850
1854
1856
1855
1862
1863
1865
2470
2471
2472
2475
2476
2453
1875
187
596
1883
1885
1583
2232
1889
1890
188
190
1892
2452
1896
1899
1900
1904
1905
1906
1907
1908
1909
1958
1959
1919
1910
1911
1961
1957
1912
1920
1921
1913
1955
1953
1914
1917
1915
1916
1918
2186
2216
1923
1922
1924
1925
1926
1931
1929
192
1930
1934
2185
1932
1933
1935
2184
1936
1939
1937
1938
1940
1942
1943
1941
1944
1945
1946
1948
1947
1949
194
1950
1951
1952
1954
1956
2166
1960
1964
1968
1972
1977
1967
1979
1966
1975
1971
1973
1976
1970
196
2054
1974
1978
1980
1981
1989
1988
1991
2019
1995
2020
2021
1992
1993
1994
2022
2023
2037
1996
1997
1999
1998
199
200
19
2000
2001
2002
2003
2004
2005
2006
2007
2008
2009
2010
2011
2012
2013
2014
2016
2017
2018
201
2028
2024
2029
2030
2031
2032
2026
2025
2027
2033
555
2035
2036
2034
2038
2039
2045
2041
2048
2040
2042
2043
2046
2050
2052
2047
2056
2051
2053
2055
2059
2910
2066
2067
2068
2069
2518
2499
2500
2077
2078
361
2080
2082
2092
2093
2097
362
2098
2094
2095
2096
2099
2337
20
427
2100
842
843
844
845
846
840
841
2887
2888
2889
833
2885
2103
2105
2110
2332
2333
2108
2319
2327
2390
2397
223
2111
2114
2116
2117
2119
766
767
727
730
735
2123
2415
2115
2118
736
734
768
765
2122
2120
769
758
2127
707
2128
751
706
743
744
746
747
2129
2130
2420
2416
2427
2421
870
2134
2136
2133
2137
721
2138
2139
724
2140
342
2141
2142
2143
332
2144
762
2145
2152
1707
2154
2156
2158
2157
2159
2160
2161
408
2163
2165
509
2167
2169
2168
2170
2171
2172
2173
2175
2176
2177
2179
2178
2180
2181
2182
2183
2187
2188
2189
2190
2191
2192
2193
2194
2195
2197
2198
2199
2200
219
759
760
402
439
81
2201
2202
2204
2205
2220
2207
2206
2208
2218
2221
2210
2213
2211
2212
2215
2214
2223
2217
2219
2222
2226
2237
2227
2229
2236
2238
2243
2242
2248
2245
2246
2244
2253
2249
2250
348
488
2251
2252
2260
2262
2261
2259
2254
2255
2257
2258
345
2266
2265
2263
2264
2267
2271
2273
2276
2282
2287
2290
2286
2292
2293
2295
2298
2297
22
497
498
499
358
2300
2301
779
2303
2304
2302
2305
2306
2307
2308
2309
866
867
474
2310
2313
2314
2315
2316
2317
2318
869
2311
2312
2324
2322
2323
2330
2328
2329
2393
2320
2321
2325
2326
2331
2406
2407
2408
2412
2335
2336
2356
2357
856
2342
2338
2339
848
2343
857
849
2394
2403
2340
2341
2348
2349
2350
2355
2344
2345
2347
2352
2353
2354
2351
2359
2362
2363
2358
2360
2361
2364
2365
2367
2372
2387
2366
2369
2370
2368
2371
2379
2374
2375
2376
2378
2380
2377
2385
2386
2966
2381
2382
2383
2384
2388
501
2391
2392
2395
2409
2399
2401
2400
93
2402
2405
2410
2413
2963
808
2411
2414
2418
2419
2430
2431
2422
2880
2883
2882
2425
2920
2428
2429
2962
2432
2434
2433
243
2984
806
2990
2991
2992
2993
2997
2998
2985
2442
2443
2445
2447
2908
2898
2450
244
291
293
294
315
292
314
68
297
2478
2479
2469
2473
2455
2454
2456
2460
2457
2535
2536
2458
2533
2459
2462
2463
2619
2490
2487
2468
2483
2488
2489
248
496
2494
2520
2497
2495
2496
2498
2519
250
2505
2921
2508
251
253
2513
2512
2514
2515
2516
2919
2916
2521
2615
2617
2525
2718
2719
2720
2727
2728
2714
2715
2716
2722
2723
2724
2726
2717
602
2721
2725
252
2530
2532
440
2531
2534
2538
2539
2541
2542
2543
2544
2545
2547
838
2548
2550
2551
2552
2553
2561
2562
2563
2564
2565
2557
2560
2558
2559
2554
2555
2556
2567
2568
2569
2566
2572
2573
2574
2571
2577
2578
2579
2575
2587
2570
2593
2592
2576
2581
2580
2583
2582
2584
2585
2604
2586
2588
2589
2590
2591
2595
2596
2597
2594
2599
2598
2601
2603
2600
2602
2605
2606
2608
2607
2609
2610
2613
260
2612
2895
2618
2622
2624
2625
2626
2627
2628
461
265
462
2632
464
2634
2642
2643
430
431
433
591
682
683
2635
432
2648
2636
434
2637
2639
593
263
2640
2641
592
409
2644
435
594
2645
2650
2649
269
2653
650
575
2655
415
2657
2660
2661
2663
2664
2667
2668
268
270
2676
2684
2678
2679
2680
267
2687
2688
2690
2841
2839
2694
2695
2696
2829
2698
2703
2710
2709
2713
274
275
276
273
2732
2733
2734
2737
2767
2832
2739
2831
2838
959
2744
2745
2756
2758
2761
2763
2765
2750
2751
2752
2754
2746
2753
2757
2755
2760
2766
2749
277
2762
2764
2775
2777
580
2773
2774
2776
2772
2778
2780
2782
2820
2822
2813
2779
2821
2823
2781
2818
2819
2799
2807
2809
2811
2784
2785
2786
2787
2804
2798
2788
2810
2806
2808
2783
2792
2795
2789
2793
2790
2796
2794
2797
281
2791
2801
2802
2800
283
2803
2805
2812
2815
2816
2814
2817
2825
2828
2826
2824
2827
452
2830
2836
2837
2833
2834
2835
2840
284
2843
2844
2845
2846
2847
2849
2851
2852
695
696
699
704
2859
2879
2881
2894
871
2886
847
2891
2892
2893
2896
2897
2899
2900
2907
2906
2904
2911
349
2912
2915
742
745
748
749
741
2914
2918
296
2926
2928
2929
2931
2982
2983
813
2933
2934
2935
2936
2937
2939
2938
2940
2941
295
944
940
949
2944
2942
2943
2946
2945
812
2947
814
2949
2948
946
945
941
942
950
2950
2951
2953
2954
2955
2956
2958
2959
825
948
943
947
2960
2965
2968
62
2972
2971
983
2980
2981
2994
2986
2989
3010
2987
2988
3009
2995
3007
2996
2999
3003
3004
3005
3006
3002
3000
3001
3008
302
303
356
595
484
485
685
308
307
316
982
317
89
87
318
90
319
70
618
88
352
350
355
576
360
365
397
369
390
370
368
371
378
372
377
373
375
374
376
382
379
380
381
386
387
389
388
791
792
80
82
391
392
393
793
794
795
796
394
797
395
800
399
400
401
780
783
784
777
403
404
406
407
512
516
514
419
519
521
522
524
547
520
523
429
443
2730
2731
958
455
453
961
962
967
969
454
459
578
579
460
480
972
973
974
976
975
877
884
886
888
889
891
892
481
482
574
490
489
2623
564
506
508
507
505
517
246
518
526
527
525
534
535
539
541
543
544
545
921
923
925
924
538
536
537
542
922
540
546
899
904
905
55
530
531
533
927
929
930
932
937
938
935
56
549
54
2978
2977
550
551
554
569
567
566
573
577
582
581
583
584
586
585
587
235
906
907
589
63
64
2647
684
827
611
614
612
613
616
663
615
617
619
620
621
623
622
624
627
628
630
629
631
632
633
634
636
635
639
640
641
643
647
649
642
645
644
648
651
662
664
665
667
666
669
668
671
670
673
672
675
674
676
677
678
679
680
681
2633
687
686
698
693
709
710
711
714
708
712
713
69
716
717
718
715
757
720
722
723
719
752
1203
750
754
753
2121
1176
850
852
836
778
782
786
788
787
798
799
802
804
805
807
810
809
815
817
816
818
819
823
824
851
837
860
861
853
854
855
858
859
862
864
863
865
872
883
885
887
879
880
878
881
882
890
909
917
918
919
902
903
900
901
910
912
908
911
916
913
914
915
939
934
936
933
928
926
92
931
954
953
955
956
957
963
964
965
968
966
960
978
977
980
979
1020
1012
1122
1695
1172
1599
2057
1417
2875
1881
2270
2076
1363
1877
1503
2240
1870
1581
1651
1668
1709
1715
1722
1732
2477
2492
191
1790
1791
1822
1824
1852
1857
1897
2015
2044
2049
2091
363
2389
211
2113
2135
2149
2150
2162
2164
2196
2203
2209
2235
2247
2256
2288
2289
2346
2373
2404
2480
2461
2620
261
2621
2638
2646
2924
2922
2923
2683
2705
2735
2741
2759
2890
2905
2952
2970
763
351
383
785
790
513
548
91
755
756
893
aunt
daughter
niece
sister
wife
brother
nephew
uncle
husband
son
father
mother
